epoch:0 0.1883  0.4607  0.104  0.0289  0.1301  0.2425  0.2238  0.3907  0.4153  0.0604  0.3519  0.4698  9.8241  0.001
epoch:1 0.4805  0.7517  0.5364  0.0975  0.3548  0.5727  0.4062  0.5888  0.599  0.1481  0.4825  0.682  7.2679  0.000996
epoch:2 0.5095  0.7668  0.5686  0.1222  0.3805  0.6073  0.4259  0.6161  0.6261  0.1829  0.5042  0.7124  6.4747  0.000984
epoch:3 0.5111  0.7675  0.5719  0.1368  0.384  0.6036  0.4274  0.6197  0.6293  0.2028  0.5021  0.7142  6.3863  0.000965
epoch:4 0.4981  0.76  0.5623  0.136  0.3951  0.5894  0.4223  0.6181  0.6293  0.2245  0.537  0.6996  5.826  0.000939
epoch:5 0.5246  0.7751  0.5868  0.1489  0.4041  0.6192  0.4382  0.6355  0.6462  0.2349  0.532  0.7245  5.9252  0.000905
epoch:6 0.5189  0.7776  0.5823  0.1375  0.3928  0.6166  0.4343  0.6268  0.6375  0.2021  0.5142  0.7225  5.4395  0.000866
epoch:7 0.5258  0.779  0.5835  0.1415  0.4021  0.6217  0.4404  0.634  0.6458  0.2367  0.5364  0.7222  5.7862  0.000821
epoch:8 0.5189  0.77  0.5825  0.1518  0.421  0.607  0.4354  0.6335  0.6468  0.2521  0.5531  0.7166  5.5629  0.00077
epoch:9 0.5384  0.7912  0.6013  0.1559  0.4117  0.6321  0.4439  0.6423  0.6542  0.2321  0.5442  0.731  5.4553  0.000716
epoch:10 0.526  0.7739  0.5893  0.1484  0.4268  0.615  0.4399  0.6406  0.6537  0.2654  0.5638  0.7184  5.429  0.000658
epoch:11 0.5486  0.7907  0.6163  0.155  0.4266  0.641  0.4518  0.6545  0.6687  0.2784  0.5617  0.7409  5.5238  0.000598
epoch:12 0.5485  0.7927  0.616  0.165  0.4238  0.6429  0.4497  0.6496  0.6611  0.2596  0.5547  0.7352  5.1426  0.000536
epoch:13 0.5604  0.7977  0.6206  0.1741  0.4325  0.6529  0.4578  0.6619  0.6753  0.2808  0.5618  0.7508  5.3259  0.000474
epoch:14 0.526  0.7639  0.5832  0.17  0.43  0.6198  0.4417  0.6433  0.6574  0.3007  0.5683  0.7203  5.0651  0.000412
epoch:15 0.539  0.7761  0.5951  0.1631  0.4396  0.6339  0.4476  0.6544  0.6682  0.2989  0.5766  0.7319  4.9448  0.000352
epoch:16 0.5588  0.7935  0.6201  0.1752  0.44  0.6531  0.4589  0.6644  0.678  0.2848  0.5764  0.7507  5.1521  0.000294
epoch:17 0.5523  0.7851  0.6142  0.1697  0.4472  0.6457  0.4547  0.6624  0.676  0.2907  0.5796  0.746  4.965  0.00024
epoch:18 0.566  0.7979  0.6283  0.1713  0.4434  0.6616  0.4615  0.6663  0.6789  0.2784  0.5673  0.7554  5.1454  0.000189
epoch:19 0.5658  0.7972  0.6244  0.1779  0.4465  0.6603  0.4612  0.6692  0.6829  0.2864  0.5766  0.7566  4.9044  0.000144
epoch:20 0.5693  0.8  0.6298  0.1786  0.448  0.6624  0.464  0.672  0.6852  0.2893  0.5788  0.7584  4.8871  0.000105
epoch:21 0.5393  0.7727  0.595  0.1848  0.4404  0.6365  0.4481  0.6565  0.6709  0.3149  0.5811  0.7346  4.6808  7.1e-05
epoch:22 0.5595  0.7882  0.6176  0.1793  0.4536  0.6541  0.4599  0.6683  0.6817  0.3055  0.5844  0.7508  4.9938  4.5e-05
epoch:23 0.5669  0.7969  0.6245  0.1869  0.4487  0.6619  0.4624  0.6721  0.6855  0.303  0.5798  0.7573  4.9929  2.6e-05
epoch:24 0.5309  0.7617  0.5869  0.1762  0.44  0.6224  0.4421  0.6478  0.6614  0.3157  0.5756  0.7225  5.048  1.4e-05
